bandwidth_64 = [[0.0, 1.3, 1.5, 1.2, 1.6, 1.6, 1.5, 1.6, 1.7, 1.4, 1.7, 1.5, 1.6, 1.5,
  1.1, 37.8, 33.2, 18.0, 42.2, 38.6, 39.6, 15.2, 15.0, 47.1, 25.9, 22.0,
  29.5, 36.5, 48.2, 21.5, 45.9, 45.2, 31.4, 34.9, 20.9, 12.0, 33.8, 21.8,
  36.5, 43.4, 10.7, 33.8, 19.3, 45.0, 20.1, 34.4, 32.1, 25.8, 37.1, 39.0,
  123.2, 62.6, 113.3, 105.0, 144.7, 46.8, 91.3, 80.8, 157.3, 90.7, 20.1,
  12.0, 45.1, 34.1],
 [1.3, 0.0, 1.5, 1.2, 1.5, 1.5, 1.5, 1.6, 1.5, 1.2, 1.5, 1.5, 1.4, 1.6,
  1.5, 47.0, 11.0, 32.2, 35.4, 14.2, 15.6, 26.8, 48.6, 33.8, 47.3, 42.2,
  28.7, 41.4, 10.7, 14.4, 32.7, 40.3, 49.3, 26.8, 30.6, 10.5, 41.8, 30.8,
  26.3, 13.8, 45.6, 25.8, 37.3, 16.0, 48.5, 17.1, 18.0, 44.4, 46.5, 18.5,
  143.1, 176.2, 44.3, 63.1, 166.4, 127.3, 109.4, 102.8, 191.6, 193.7,
  32.7, 42.2, 14.8, 28.7],
 [1.4, 1.3, 0.0, 1.3, 1.5, 1.6, 1.4, 1.7, 1.3, 1.6, 1.7, 1.4, 1.6, 1.4,
  1.3, 43.2, 41.9, 19.3, 31.2, 34.2, 44.7, 34.1, 26.5, 25.0, 27.0, 36.1,
  44.7, 28.2, 19.9, 19.5, 28.8, 39.3, 41.9, 25.2, 30.7, 39.7, 39.2, 41.3,
  32.8, 14.2, 46.2, 44.6, 41.9, 14.0, 18.2, 39.7, 10.9, 49.2, 25.1, 38.8,
  196.1, 25.3, 11.5, 71.1, 157.6, 54.1, 91.5, 84.8, 172.7, 183.7, 157.6,
  32.6, 79.9, 18.4],
 [1.2, 1.3, 1.4, 0.0, 1.5, 1.4, 1.5, 1.5, 1.5, 1.2, 1.5, 1.6, 1.6, 1.6,
  1.4, 39.8, 42.7, 14.2, 12.7, 33.8, 15.8, 43.0, 22.4, 15.8, 46.8, 16.6,
  21.4, 16.1, 14.6, 10.8, 45.5, 25.8, 22.8, 34.3, 33.2, 26.4, 34.1, 47.4,
  28.7, 17.9, 25.1, 25.8, 15.2, 16.5, 37.4, 23.6, 48.2, 19.7, 14.0, 40.1,
  199.0, 117.9, 146.0, 69.3, 32.8, 60.5, 39.5, 123.8, 91.4, 161.9, 18.3,
  15.9, 172.7, 39.5],
 [11.0, 2.2, 27.7, 6.8, 0.0, 82.5, 73.1, 82.2, 132.5, 49.1, 69.5, 84.8,
  98.0, 57.4, 51.7, 12.2, 17.0, 12.1, 33.6, 37.2, 25.7, 22.7, 30.2, 45.0,
  44.0, 11.7, 17.3, 19.5, 20.0, 32.8, 45.2, 21.1, 18.1, 17.4, 30.9, 28.7,
  20.4, 11.8, 29.3, 48.4, 36.1, 29.8, 14.4, 20.1, 21.8, 40.6, 45.1, 46.1,
  49.4, 49.3, 74.4, 29.4, 182.2, 90.6, 137.9, 146.0, 70.0, 66.1, 18.9,
  101.8, 35.6, 44.7, 43.5, 47.8],
 [6.8, 1.1, 20.2, 4.7, 82.6, 0.0, 129.2, 269.2, 78.3, 73.3, 147.1, 50.3,
  54.4, 37.0, 36.4, 26.7, 12.0, 24.9, 31.0, 14.1, 43.3, 12.1, 47.0, 14.0,
  43.7, 46.1, 49.2, 42.1, 41.2, 35.7, 48.1, 12.9, 15.5, 22.2, 32.1, 13.9,
  43.8, 34.7, 31.7, 16.6, 20.1, 16.4, 44.1, 33.4, 39.4, 21.8, 24.9, 26.2,
  40.4, 40.9, 19.6, 71.5, 169.4, 121.6, 157.1, 180.4, 95.6, 35.5, 146.0,
  53.6, 48.2, 27.6, 19.2, 48.4],
 [27.3, 1.1, 15.1, 21.8, 83.2, 184.8, 0.0, 331.2, 86.4, 76.8, 261.1, 62.4,
  70.6, 42.3, 39.0, 41.2, 15.4, 31.4, 30.6, 44.3, 28.5, 25.4, 35.6, 20.7,
  15.6, 29.1, 26.7, 19.3, 24.7, 24.7, 18.3, 47.7, 14.8, 45.8, 14.0, 20.6,
  43.9, 17.2, 26.5, 28.0, 19.8, 38.4, 44.1, 45.0, 23.6, 31.2, 19.9, 19.8,
  16.5, 47.6, 157.4, 79.3, 45.9, 140.6, 118.4, 105.0, 37.4, 148.2, 162.9,
  131.4, 30.2, 177.5, 134.9, 34.9],
 [0.2, 13.9, 27.6, 14.8, 60.8, 195.3, 276.2, 0.0, 63.3, 75.4, 323.1, 50.3,
  62.6, 39.8, 36.4, 23.1, 25.2, 37.4, 21.9, 48.0, 46.7, 29.2, 23.1, 31.4,
  43.9, 36.1, 42.2, 31.3, 35.3, 21.5, 45.5, 41.1, 30.7, 29.6, 31.2, 31.5,
  27.4, 15.3, 15.0, 48.1, 29.3, 48.1, 16.5, 32.2, 18.3, 20.1, 11.2, 14.8,
  46.7, 22.9, 62.7, 74.5, 79.4, 120.8, 162.4, 40.4, 177.5, 168.9, 64.9,
  197.7, 37.2, 39.8, 153.9, 14.7],
 [0.2, 16.9, 5.7, 1.1, 166.8, 83.9, 64.0, 61.6, 0.0, 40.7, 54.0, 80.4,
  65.9, 39.1, 41.6, 39.4, 18.1, 37.8, 44.4, 15.3, 34.6, 13.8, 39.0, 13.4,
  47.4, 15.5, 48.4, 42.0, 33.7, 41.3, 34.3, 28.6, 26.0, 31.3, 17.5, 49.5,
  42.7, 39.7, 28.8, 16.1, 46.8, 23.7, 12.0, 23.7, 41.8, 34.9, 40.0, 41.7,
  18.5, 47.0, 154.7, 75.7, 101.2, 89.8, 46.1, 187.9, 158.7, 173.9, 66.8,
  88.0, 16.5, 41.3, 12.9, 13.8],
 [36.2, 27.4, 1.7, 22.0, 37.5, 48.6, 54.7, 50.0, 35.8, 0.0, 45.0, 33.5,
  39.0, 22.5, 49.7, 41.8, 47.8, 20.1, 33.6, 13.8, 34.6, 16.9, 32.6, 32.9,
  28.6, 30.9, 40.6, 42.0, 29.7, 34.0, 27.5, 35.6, 10.1, 49.7, 21.2, 12.5,
  28.3, 15.2, 16.1, 35.3, 25.7, 46.9, 22.8, 39.0, 28.4, 36.4, 34.0, 28.9,
  48.0, 23.7, 19.1, 136.4, 52.1, 105.4, 159.3, 163.9, 88.6, 141.4, 76.8,
  141.1, 40.5, 49.5, 43.0, 15.2],
 [36.0, 0.6, 16.8, 21.1, 27.9, 115.1, 247.8, 317.4, 51.6, 47.5, 0.0, 48.1,
  36.8, 24.4, 28.8, 47.2, 14.8, 14.7, 13.5, 36.3, 26.7, 41.0, 36.8, 23.3,
  45.9, 40.5, 20.8, 24.6, 22.6, 16.3, 18.3, 15.1, 18.4, 44.6, 17.0, 43.3,
  21.3, 11.2, 20.2, 44.4, 38.4, 11.6, 27.7, 34.8, 30.2, 43.9, 33.6, 19.4,
  29.1, 28.2, 108.3, 134.9, 195.0, 36.8, 124.9, 84.2, 48.2, 53.7, 25.7,
  159.3, 14.6, 14.7, 28.5, 14.6],
 [15.6, 28.6, 10.6, 8.1, 94.8, 45.4, 43.8, 46.3, 70.4, 27.0, 45.8, 0.0,
  172.9, 39.4, 61.5, 15.9, 47.4, 27.5, 25.3, 39.2, 32.1, 47.4, 41.2, 29.2,
  25.1, 49.5, 38.7, 48.0, 14.7, 44.0, 13.3, 21.6, 21.9, 34.9, 12.6, 47.8,
  13.2, 48.2, 45.8, 39.5, 23.4, 17.2, 32.8, 34.1, 17.5, 39.4, 16.9, 48.6,
  19.6, 41.4, 192.8, 113.6, 56.1, 62.3, 116.0, 94.5, 149.1, 79.9, 13.1,
  30.5, 19.8, 193.7, 11.4, 118.4],
 [2.3, 3.9, 22.5, 5.7, 78.3, 45.6, 32.7, 34.5, 47.3, 23.2, 23.7, 134.5,
  0.0, 31.2, 38.5, 35.5, 14.9, 33.5, 37.4, 10.5, 28.2, 43.0, 21.8, 28.3,
  27.7, 22.1, 46.7, 41.3, 14.4, 49.9, 44.7, 19.7, 42.3, 47.6, 48.9, 29.1,
  43.9, 39.7, 44.7, 13.4, 39.1, 19.6, 29.2, 47.8, 24.9, 21.7, 22.9, 20.6,
  35.8, 38.6, 146.3, 27.2, 85.9, 140.1, 63.1, 116.2, 101.0, 55.2, 88.2,
  102.8, 38.0, 31.0, 194.7, 158.7],
 [0.1, 15.1, 8.2, 15.4, 41.8, 32.7, 39.9, 37.9, 59.6, 25.0, 38.4, 38.2,
  39.9, 0.0, 32.5, 45.2, 21.4, 43.5, 14.3, 50.0, 36.6, 36.0, 13.6, 45.9,
  11.2, 19.6, 15.7, 41.1, 17.9, 46.4, 25.8, 25.5, 15.6, 43.9, 18.1, 24.9,
  48.9, 11.9, 43.3, 27.6, 33.5, 16.1, 15.1, 32.7, 22.6, 22.1, 18.3, 17.7,
  17.5, 19.2, 140.2, 52.5, 192.6, 97.3, 31.5, 147.9, 75.7, 31.5, 38.0,
  133.7, 28.8, 32.1, 195.0, 17.1],
 [27.9, 17.2, 18.4, 24.1, 54.3, 36.6, 36.0, 39.2, 39.1, 69.7, 33.8, 59.7,
  65.9, 30.7, 0.0, 36.3, 11.4, 10.2, 12.1, 34.2, 42.1, 19.5, 44.0, 12.3,
  42.0, 47.1, 40.9, 37.9, 43.5, 11.6, 47.2, 47.1, 16.7, 35.0, 24.8, 35.0,
  47.0, 37.1, 22.3, 24.0, 38.6, 21.0, 31.1, 23.8, 15.4, 15.7, 14.3, 13.8,
  38.8, 13.1, 11.2, 102.7, 38.5, 54.6, 109.6, 24.0, 182.1, 53.5, 194.7,
  153.9, 146.0, 29.8, 194.7, 13.5],
 [37.8, 47.0, 43.2, 39.8, 12.2, 26.7, 41.2, 23.1, 39.4, 41.8, 47.2, 15.9,
  35.5, 45.2, 36.3, 0.0, 144.3, 115.4, 170.0, 145.9, 121.5, 102.3, 111.8,
  130.6, 133.0, 148.7, 110.9, 131.7, 151.9, 159.9, 14.9, 40.9, 42.8, 25.1,
  24.1, 13.4, 18.9, 47.2, 13.2, 44.9, 46.9, 37.4, 20.4, 26.2, 34.0, 42.9,
  44.8, 16.4, 28.4, 34.9, 128.4, 197.1, 48.8, 178.1, 75.0, 183.1, 65.9,
  170.8, 182.5, 107.3, 170.8, 174.7, 184.7, 44.0],
 [33.2, 11.0, 41.9, 42.7, 17.0, 12.0, 15.4, 25.2, 18.1, 47.8, 14.8, 47.4,
  14.9, 21.4, 11.4, 144.3, 0.0, 168.3, 131.2, 156.9, 140.9, 109.0, 196.2,
  157.9, 114.5, 149.1, 167.2, 195.3, 131.6, 187.5, 19.8, 11.3, 36.8, 26.3,
  37.8, 17.3, 23.2, 29.7, 28.5, 28.6, 42.0, 20.1, 32.3, 28.5, 21.9, 17.7,
  14.7, 44.2, 46.6, 31.8, 44.2, 46.6, 193.3, 82.1, 72.1, 138.0, 52.0,
  14.3, 55.7, 175.4, 77.1, 14.6, 193.0, 188.0],
 [18.0, 32.2, 19.3, 14.2, 12.1, 24.9, 31.4, 37.4, 37.8, 20.1, 14.7, 27.5,
  33.5, 43.5, 10.2, 115.4, 168.3, 0.0, 183.2, 114.0, 185.3, 172.2, 190.9,
  117.7, 110.3, 193.8, 128.1, 129.1, 177.2, 119.6, 12.8, 48.8, 34.8, 18.5,
  41.7, 26.7, 47.4, 35.6, 28.9, 31.6, 14.3, 23.5, 48.2, 17.1, 14.1, 23.9,
  24.5, 42.4, 31.1, 45.7, 77.6, 34.9, 21.1, 85.9, 80.4, 125.2, 130.5,
  50.8, 34.1, 134.4, 95.2, 17.0, 168.3, 112.3],
 [42.2, 35.4, 31.2, 12.7, 33.6, 31.0, 30.6, 21.9, 44.4, 33.6, 13.5, 25.3,
  37.4, 14.3, 12.1, 170.0, 131.2, 183.2, 0.0, 111.5, 123.4, 146.2, 170.0,
  185.7, 158.8, 157.2, 165.9, 151.5, 166.2, 131.0, 44.1, 40.1, 44.2, 21.1,
  48.4, 43.0, 45.6, 42.5, 32.0, 38.2, 27.1, 14.8, 40.1, 45.1, 24.5, 26.6,
  24.0, 19.7, 23.9, 15.1, 172.1, 47.0, 153.6, 168.6, 198.3, 186.4, 14.7,
  88.1, 194.8, 127.6, 168.7, 159.1, 31.1, 17.9],
 [38.6, 14.2, 34.2, 33.8, 37.2, 14.1, 44.3, 48.0, 15.3, 13.8, 36.3, 39.2,
  10.5, 50.0, 34.2, 145.9, 156.9, 114.0, 111.5, 0.0, 105.8, 116.1, 126.6,
  175.9, 117.1, 147.3, 172.7, 125.6, 137.4, 177.7, 40.8, 22.1, 12.1, 47.7,
  27.6, 21.4, 28.7, 18.4, 39.0, 44.0, 45.5, 31.3, 12.7, 45.5, 13.8, 28.7,
  33.4, 34.5, 39.4, 24.3, 131.1, 117.0, 90.9, 188.4, 31.8, 143.3, 161.5,
  71.3, 144.4, 190.4, 140.7, 70.2, 35.2, 120.0],
 [39.6, 15.6, 44.7, 15.8, 25.7, 43.3, 28.5, 46.7, 34.6, 34.6, 26.7, 32.1,
  28.2, 36.6, 42.1, 121.5, 140.9, 185.3, 123.4, 105.8, 0.0, 150.1, 196.9,
  171.9, 192.5, 126.7, 176.9, 193.6, 109.4, 197.2, 33.7, 26.1, 18.6, 41.4,
  25.0, 17.9, 11.8, 46.1, 47.1, 22.9, 27.0, 19.1, 25.9, 22.4, 42.0, 44.6,
  15.6, 19.9, 14.9, 38.4, 22.3, 103.3, 129.2, 48.7, 125.0, 84.5, 43.5,
  176.7, 157.6, 84.0, 42.9, 128.9, 124.1, 49.2],
 [15.2, 26.8, 34.1, 43.0, 22.7, 12.1, 25.4, 29.2, 13.8, 16.9, 41.0, 47.4,
  43.0, 36.0, 19.5, 102.3, 109.0, 172.2, 146.2, 116.1, 150.1, 0.0, 177.9,
  143.2, 158.1, 133.2, 110.8, 116.5, 174.7, 150.1, 28.5, 45.2, 43.1, 13.4,
  23.4, 27.5, 17.0, 45.8, 33.5, 41.2, 25.1, 37.9, 44.0, 24.0, 34.2, 25.0,
  30.7, 31.8, 45.2, 33.6, 189.5, 119.5, 41.5, 150.5, 46.4, 158.3, 46.0,
  55.1, 121.5, 124.1, 195.7, 196.2, 115.9, 21.9],
 [15.0, 48.6, 26.5, 22.4, 30.2, 47.0, 35.6, 23.1, 39.0, 32.6, 36.8, 41.2,
  21.8, 13.6, 44.0, 111.8, 196.2, 190.9, 170.0, 126.6, 196.9, 177.9, 0.0,
  162.7, 134.7, 152.1, 191.6, 104.5, 126.2, 114.4, 25.3, 17.0, 20.0, 48.6,
  22.2, 38.1, 28.0, 43.1, 23.6, 20.7, 13.8, 39.8, 15.0, 34.2, 21.1, 40.8,
  41.4, 32.9, 14.4, 11.6, 122.2, 172.9, 87.8, 73.4, 142.7, 62.9, 184.8,
  151.7, 95.2, 166.6, 65.9, 143.6, 31.4, 159.9],
 [47.1, 33.8, 25.0, 15.8, 45.0, 14.0, 20.7, 31.4, 13.4, 32.9, 23.3, 29.2,
  28.3, 45.9, 12.3, 130.6, 157.9, 117.7, 185.7, 175.9, 171.9, 143.2,
  162.7, 0.0, 159.1, 143.9, 123.0, 143.5, 193.7, 101.4, 16.1, 37.6, 42.4,
  37.7, 48.4, 35.7, 26.0, 44.0, 17.9, 14.6, 35.2, 40.0, 34.2, 45.2, 23.7,
  19.4, 40.8, 44.7, 35.2, 12.5, 45.6, 57.5, 129.8, 114.2, 98.8, 132.6,
  152.5, 181.0, 170.5, 52.0, 10.5, 164.2, 102.2, 19.7],
 [25.9, 47.3, 27.0, 46.8, 44.0, 43.7, 15.6, 43.9, 47.4, 28.6, 45.9, 25.1,
  27.7, 11.2, 42.0, 133.0, 114.5, 110.3, 158.8, 117.1, 192.5, 158.1,
  134.7, 159.1, 0.0, 102.2, 103.7, 199.2, 124.1, 123.0, 11.5, 24.6, 31.7,
  42.8, 46.9, 44.9, 37.5, 20.1, 42.4, 12.9, 48.1, 24.7, 17.0, 42.6, 39.0,
  27.4, 19.0, 18.6, 34.7, 42.1, 115.3, 85.5, 61.8, 188.8, 123.0, 92.0,
  170.7, 38.8, 63.4, 187.3, 17.0, 40.0, 104.1, 103.7],
 [22.0, 42.2, 36.1, 16.6, 11.7, 46.1, 29.1, 36.1, 15.5, 30.9, 40.5, 49.5,
  22.1, 19.6, 47.1, 148.7, 149.1, 193.8, 157.2, 147.3, 126.7, 133.2,
  152.1, 143.9, 102.2, 0.0, 155.5, 189.2, 112.3, 113.2, 22.0, 35.0, 43.9,
  33.7, 30.4, 13.5, 48.7, 37.7, 45.6, 17.7, 17.5, 48.8, 17.2, 31.1, 38.3,
  43.0, 29.8, 34.7, 43.1, 33.5, 40.0, 180.5, 36.7, 51.9, 185.2, 37.8,
  166.3, 191.1, 19.8, 109.7, 40.3, 193.7, 37.4, 31.1],
 [29.5, 28.7, 44.7, 21.4, 17.3, 49.2, 26.7, 42.2, 48.4, 40.6, 20.8, 38.7,
  46.7, 15.7, 40.9, 110.9, 167.2, 128.1, 165.9, 172.7, 176.9, 110.8,
  191.6, 123.0, 103.7, 155.5, 0.0, 174.9, 183.1, 167.8, 28.6, 31.9, 13.7,
  47.9, 43.3, 40.1, 35.6, 34.5, 32.2, 37.9, 23.9, 48.1, 31.5, 34.8, 32.2,
  26.1, 34.0, 43.0, 23.6, 19.1, 147.4, 151.2, 44.9, 193.7, 199.3, 106.8,
  43.2, 41.2, 139.0, 166.9, 19.9, 42.5, 25.0, 20.4],
 [36.5, 41.4, 28.2, 16.1, 19.5, 42.1, 19.3, 31.3, 42.0, 42.0, 24.6, 48.0,
  41.3, 41.1, 37.9, 131.7, 195.3, 129.1, 151.5, 125.6, 193.6, 116.5,
  104.5, 143.5, 199.2, 189.2, 174.9, 0.0, 115.3, 112.2, 45.8, 21.1, 22.5,
  48.9, 48.3, 17.0, 35.7, 42.5, 22.1, 38.4, 38.6, 33.7, 37.4, 24.3, 31.4,
  41.9, 48.1, 39.2, 12.6, 12.1, 30.6, 121.2, 160.5, 193.7, 78.8, 110.6,
  178.3, 183.0, 141.9, 150.0, 178.3, 143.0, 58.9, 133.1],
 [48.2, 10.7, 19.9, 14.6, 20.0, 41.2, 24.7, 35.3, 33.7, 29.7, 22.6, 14.7,
  14.4, 17.9, 43.5, 151.9, 131.6, 177.2, 166.2, 137.4, 109.4, 174.7,
  126.2, 193.7, 124.1, 112.3, 183.1, 115.3, 0.0, 150.6, 39.9, 38.7, 43.0,
  27.6, 34.8, 29.4, 20.0, 40.0, 35.2, 45.3, 20.2, 45.0, 40.7, 29.4, 17.3,
  47.7, 14.0, 20.2, 12.2, 15.2, 20.9, 86.6, 148.6, 184.0, 16.2, 169.4,
  36.4, 197.9, 107.8, 89.8, 195.6, 110.2, 193.6, 108.2],
 [21.5, 14.4, 19.5, 10.8, 32.8, 35.7, 24.7, 21.5, 41.3, 34.0, 16.3, 44.0,
  49.9, 46.4, 11.6, 159.9, 187.5, 119.6, 131.0, 177.7, 197.2, 150.1,
  114.4, 101.4, 123.0, 113.2, 167.8, 112.2, 150.6, 0.0, 28.7, 19.1, 14.0,
  27.9, 23.1, 36.3, 36.0, 47.3, 33.2, 40.2, 19.8, 42.4, 44.1, 21.0, 27.6,
  18.8, 36.9, 17.8, 33.6, 11.2, 104.1, 145.9, 57.6, 40.0, 105.7, 56.1,
  134.6, 167.4, 10.6, 126.3, 39.0, 30.4, 125.3, 19.8],
 [45.9, 32.7, 28.8, 45.5, 45.2, 48.1, 18.3, 45.5, 34.3, 27.5, 18.3, 13.3,
  44.7, 25.8, 47.2, 14.9, 19.8, 12.8, 44.1, 40.8, 33.7, 28.5, 25.3, 16.1,
  11.5, 22.0, 28.6, 45.8, 39.9, 28.7, 0.0, 150.6, 149.6, 131.5, 143.2,
  182.2, 178.0, 168.3, 153.9, 157.0, 134.7, 187.7, 195.7, 155.9, 146.8,
  126.8, 143.6, 137.7, 128.9, 153.3, 142.5, 110.2, 19.9, 12.2, 153.5,
  127.6, 124.1, 86.8, 149.7, 12.2, 12.9, 45.1, 191.8, 34.2],
 [45.2, 40.3, 39.3, 25.8, 21.1, 12.9, 47.7, 41.1, 28.6, 35.6, 15.1, 21.6,
  19.7, 25.5, 47.1, 40.9, 11.3, 48.8, 40.1, 22.1, 26.1, 45.2, 17.0, 37.6,
  24.6, 35.0, 31.9, 21.1, 38.7, 19.1, 150.6, 0.0, 143.0, 161.5, 188.6,
  145.7, 123.0, 137.7, 161.5, 145.2, 135.6, 128.9, 194.9, 115.4, 163.7,
  134.1, 172.7, 138.8, 183.1, 174.2, 49.4, 24.2, 95.0, 195.6, 139.7,
  149.2, 24.7, 125.3, 14.9, 54.2, 155.8, 117.9, 173.7, 150.1],
 [31.4, 49.3, 41.9, 22.8, 18.1, 15.5, 14.8, 30.7, 26.0, 10.1, 18.4, 21.9,
  42.3, 15.6, 16.7, 42.8, 36.8, 36.8, 44.2, 12.1, 18.6, 43.1, 20.0, 42.4,
  31.7, 43.9, 13.7, 22.5, 43.0, 14.0, 149.6, 143.0, 0.0, 116.9, 178.3,
  129.0, 129.6, 181.7, 151.7, 183.6, 129.2, 124.6, 119.6, 156.7, 166.2,
  186.8, 166.1, 135.1, 182.1, 176.8, 118.9, 183.6, 184.7, 156.7, 120.6,
  107.9, 182.5, 139.0, 193.1, 59.7, 48.1, 126.6, 139.7, 174.4],
 [34.9, 26.8, 25.2, 34.3, 17.4, 22.2, 45.8, 29.6, 31.3, 49.7, 44.6, 34.9,
  47.6, 43.9, 35.0, 25.1, 26.3, 18.5, 21.1, 47.7, 41.4, 13.4, 48.6, 37.7,
  42.8, 33.7, 47.9, 48.9, 27.6, 27.9, 131.5, 161.5, 116.9, 0.0, 120.4,
  133.2, 180.5, 172.2, 158.2, 142.1, 198.2, 113.6, 131.6, 116.2, 148.7,
  191.0, 196.5, 190.6, 132.3, 114.6, 32.9, 146.1, 181.2, 199.2, 84.8,
  187.8, 187.1, 184.5, 100.5, 144.4, 19.5, 61.8, 177.9, 121.7],
 [20.9, 30.6, 30.7, 33.2, 30.9, 32.1, 14.0, 31.2, 17.5, 21.2, 17.0, 12.6,
  48.9, 18.1, 24.8, 24.1, 37.8, 41.7, 48.4, 27.6, 25.0, 23.4, 22.2, 48.4,
  46.9, 30.4, 43.3, 48.3, 34.8, 23.1, 143.2, 188.6, 178.3, 120.4, 0.0,
  163.5, 173.6, 121.6, 154.7, 165.7, 150.7, 172.4, 139.0, 140.0, 114.6,
  174.1, 125.7, 191.8, 116.0, 171.2, 168.9, 185.2, 40.4, 195.3, 11.7,
  173.5, 148.5, 62.8, 42.1, 185.3, 124.6, 174.9, 43.0, 146.1],
 [12.0, 10.5, 39.7, 26.4, 28.7, 13.9, 20.6, 31.5, 49.5, 12.5, 43.3, 47.8,
  29.1, 24.9, 35.0, 13.4, 17.3, 26.7, 43.0, 21.4, 17.9, 27.5, 38.1, 35.7,
  44.9, 13.5, 40.1, 17.0, 29.4, 36.3, 182.2, 145.7, 129.0, 133.2, 163.5,
  0.0, 173.2, 180.6, 168.1, 141.4, 136.9, 156.6, 154.3, 115.6, 160.8,
  197.3, 146.9, 174.5, 129.5, 154.0, 136.1, 193.9, 169.7, 51.9, 161.7,
  35.4, 67.5, 154.6, 154.3, 101.0, 103.7, 173.6, 113.1, 180.4],
 [33.8, 41.8, 39.2, 34.1, 20.4, 43.8, 43.9, 27.4, 42.7, 28.3, 21.3, 13.2,
  43.9, 48.9, 47.0, 18.9, 23.2, 47.4, 45.6, 28.7, 11.8, 17.0, 28.0, 26.0,
  37.5, 48.7, 35.6, 45.7, 20.0, 36.0, 178.0, 123.0, 129.6, 180.5, 173.6,
  173.2, 0.0, 111.4, 178.9, 134.3, 195.9, 165.6, 187.0, 145.4, 195.6,
  142.2, 184.7, 180.4, 179.8, 115.4, 108.3, 87.8, 200.0, 108.5, 74.9,
  190.0, 178.3, 194.2, 36.9, 185.0, 102.7, 44.6, 12.6, 192.5],
 [21.8, 30.8, 41.3, 47.4, 11.8, 34.7, 17.2, 15.3, 39.7, 15.2, 11.2, 48.2,
  39.7, 11.9, 37.1, 47.2, 29.7, 35.6, 42.5, 18.4, 46.1, 45.8, 43.1, 44.0,
  20.1, 37.7, 34.5, 42.5, 40.0, 47.3, 168.3, 137.7, 181.7, 172.2, 121.6,
  180.6, 111.4, 0.0, 110.4, 198.5, 114.1, 186.7, 153.0, 144.5, 141.6,
  131.9, 168.2, 160.9, 123.1, 126.0, 148.7, 120.4, 29.6, 174.8, 62.1,
  115.9, 109.9, 91.9, 138.5, 66.6, 114.5, 15.6, 24.5, 128.9],
 [36.5, 26.3, 32.8, 28.7, 29.3, 31.7, 26.5, 15.0, 28.8, 16.1, 20.2, 45.8,
  44.7, 43.3, 22.3, 13.2, 28.5, 28.9, 32.0, 39.0, 47.1, 33.5, 23.6, 17.9,
  42.4, 45.6, 32.2, 22.1, 35.2, 33.2, 153.9, 161.5, 151.7, 158.2, 154.7,
  168.1, 178.9, 110.4, 0.0, 116.3, 121.7, 117.6, 195.9, 188.0, 124.9,
  174.7, 146.2, 186.2, 152.5, 123.5, 59.5, 135.8, 193.8, 137.6, 145.2,
  174.4, 132.7, 61.5, 165.2, 51.3, 145.2, 183.2, 66.6, 181.5],
 [43.4, 13.8, 14.2, 17.9, 48.4, 16.6, 28.0, 48.1, 16.1, 35.3, 44.4, 39.5,
  13.4, 27.6, 24.0, 44.9, 28.6, 31.6, 38.2, 44.0, 22.9, 41.2, 20.7, 14.6,
  12.9, 17.7, 37.9, 38.4, 45.3, 40.2, 157.0, 145.2, 183.6, 142.1, 165.7,
  141.4, 134.3, 198.5, 116.3, 0.0, 158.4, 176.5, 143.2, 175.7, 146.4,
  146.4, 181.5, 181.7, 127.0, 174.0, 105.2, 96.5, 185.3, 55.7, 16.9,
  155.8, 168.0, 148.3, 47.7, 133.0, 47.4, 52.0, 74.0, 94.7],
 [10.7, 45.6, 46.2, 25.1, 36.1, 20.1, 19.8, 29.3, 46.8, 25.7, 38.4, 23.4,
  39.1, 33.5, 38.6, 46.9, 42.0, 14.3, 27.1, 45.5, 27.0, 25.1, 13.8, 35.2,
  48.1, 17.5, 23.9, 38.6, 20.2, 19.8, 134.7, 135.6, 129.2, 198.2, 150.7,
  136.9, 195.9, 114.1, 121.7, 158.4, 0.0, 142.8, 160.5, 125.9, 163.3,
  149.8, 127.5, 189.4, 180.5, 110.5, 116.7, 57.3, 73.6, 166.9, 102.4,
  140.5, 103.3, 179.0, 46.6, 106.4, 11.1, 28.6, 47.2, 55.7],
 [33.8, 25.8, 44.6, 25.8, 29.8, 16.4, 38.4, 48.1, 23.7, 46.9, 11.6, 17.2,
  19.6, 16.1, 21.0, 37.4, 20.1, 23.5, 14.8, 31.3, 19.1, 37.9, 39.8, 40.0,
  24.7, 48.8, 48.1, 33.7, 45.0, 42.4, 187.7, 128.9, 124.6, 113.6, 172.4,
  156.6, 165.6, 186.7, 117.6, 176.5, 142.8, 0.0, 168.7, 169.8, 125.4,
  155.7, 177.5, 116.0, 134.8, 180.6, 159.0, 63.8, 112.0, 54.4, 143.0,
  122.8, 123.1, 143.6, 32.5, 104.1, 46.4, 177.2, 38.4, 47.0],
 [19.3, 37.3, 41.9, 15.2, 14.4, 44.1, 44.1, 16.5, 12.0, 22.8, 27.7, 32.8,
  29.2, 15.1, 31.1, 20.4, 32.3, 48.2, 40.1, 12.7, 25.9, 44.0, 15.0, 34.2,
  17.0, 17.2, 31.5, 37.4, 40.7, 44.1, 195.7, 194.9, 119.6, 131.6, 139.0,
  154.3, 187.0, 153.0, 195.9, 143.2, 160.5, 168.7, 0.0, 113.9, 148.0,
  199.8, 175.3, 191.0, 121.6, 176.2, 31.0, 183.6, 86.4, 97.3, 140.0,
  119.8, 63.6, 180.0, 196.3, 161.7, 137.7, 29.4, 130.6, 191.3],
 [45.0, 16.0, 14.0, 16.5, 20.1, 33.4, 45.0, 32.2, 23.7, 39.0, 34.8, 34.1,
  47.8, 32.7, 23.8, 26.2, 28.5, 17.1, 45.1, 45.5, 22.4, 24.0, 34.2, 45.2,
  42.6, 31.1, 34.8, 24.3, 29.4, 21.0, 155.9, 115.4, 156.7, 116.2, 140.0,
  115.6, 145.4, 144.5, 188.0, 175.7, 125.9, 169.8, 113.9, 0.0, 147.3,
  163.4, 134.7, 142.5, 188.8, 144.0, 194.0, 38.1, 108.9, 146.2, 72.4,
  72.1, 76.4, 100.0, 183.1, 147.9, 33.2, 26.1, 23.5, 27.6],
 [20.1, 48.5, 18.2, 37.4, 21.8, 39.4, 23.6, 18.3, 41.8, 28.4, 30.2, 17.5,
  24.9, 22.6, 15.4, 34.0, 21.9, 14.1, 24.5, 13.8, 42.0, 34.2, 21.1, 23.7,
  39.0, 38.3, 32.2, 31.4, 17.3, 27.6, 146.8, 163.7, 166.2, 148.7, 114.6,
  160.8, 195.6, 141.6, 124.9, 146.4, 163.3, 125.4, 148.0, 147.3, 0.0,
  135.4, 125.6, 148.6, 160.1, 156.8, 168.9, 43.7, 194.2, 193.0, 115.3,
  177.2, 119.4, 28.4, 30.3, 111.6, 26.3, 171.1, 195.6, 95.0],
 [34.4, 17.1, 39.7, 23.6, 40.6, 21.8, 31.2, 20.1, 34.9, 36.4, 43.9, 39.4,
  21.7, 22.1, 15.7, 42.9, 17.7, 23.9, 26.6, 28.7, 44.6, 25.0, 40.8, 19.4,
  27.4, 43.0, 26.1, 41.9, 47.7, 18.8, 126.8, 134.1, 186.8, 191.0, 174.1,
  197.3, 142.2, 131.9, 174.7, 146.4, 149.8, 155.7, 199.8, 163.4, 135.4,
  0.0, 136.8, 178.7, 177.1, 174.4, 83.4, 59.0, 103.0, 103.7, 142.4, 68.1,
  197.1, 38.7, 41.4, 152.7, 43.9, 158.2, 116.0, 189.4],
 [32.1, 18.0, 10.9, 48.2, 45.1, 24.9, 19.9, 11.2, 40.0, 34.0, 33.6, 16.9,
  22.9, 18.3, 14.3, 44.8, 14.7, 24.5, 24.0, 33.4, 15.6, 30.7, 41.4, 40.8,
  19.0, 29.8, 34.0, 48.1, 14.0, 36.9, 143.6, 172.7, 166.1, 196.5, 125.7,
  146.9, 184.7, 168.2, 146.2, 181.5, 127.5, 177.5, 175.3, 134.7, 125.6,
  136.8, 0.0, 168.0, 148.5, 184.8, 56.6, 51.2, 64.4, 155.3, 42.0, 168.0,
  190.4, 128.9, 122.3, 71.7, 16.4, 172.7, 96.5, 24.5],
 [25.8, 44.4, 49.2, 19.7, 46.1, 26.2, 19.8, 14.8, 41.7, 28.9, 19.4, 48.6,
  20.6, 17.7, 13.8, 16.4, 44.2, 42.4, 19.7, 34.5, 19.9, 31.8, 32.9, 44.7,
  18.6, 34.7, 43.0, 39.2, 20.2, 17.8, 137.7, 138.8, 135.1, 190.6, 191.8,
  174.5, 180.4, 160.9, 186.2, 181.7, 189.4, 116.0, 191.0, 142.5, 148.6,
  178.7, 168.0, 0.0, 166.7, 162.6, 16.8, 173.1, 86.5, 42.6, 30.9, 118.0,
  156.7, 113.1, 182.6, 140.2, 154.3, 17.2, 131.2, 24.6],
 [37.1, 46.5, 25.1, 14.0, 49.4, 40.4, 16.5, 46.7, 18.5, 48.0, 29.1, 19.6,
  35.8, 17.5, 38.8, 28.4, 46.6, 31.1, 23.9, 39.4, 14.9, 45.2, 14.4, 35.2,
  34.7, 43.1, 23.6, 12.6, 12.2, 33.6, 128.9, 183.1, 182.1, 132.3, 116.0,
  129.5, 179.8, 123.1, 152.5, 127.0, 180.5, 134.8, 121.6, 188.8, 160.1,
  177.1, 148.5, 166.7, 0.0, 121.0, 159.0, 59.5, 168.2, 25.8, 112.7, 162.8,
  175.5, 147.1, 11.6, 69.4, 150.1, 84.8, 28.4, 76.2],
 [39.0, 18.5, 38.8, 40.1, 49.3, 40.9, 47.6, 22.9, 47.0, 23.7, 28.2, 41.4,
  38.6, 19.2, 13.1, 34.9, 31.8, 45.7, 15.1, 24.3, 38.4, 33.6, 11.6, 12.5,
  42.1, 33.5, 19.1, 12.1, 15.2, 11.2, 153.3, 174.2, 176.8, 114.6, 171.2,
  154.0, 115.4, 126.0, 123.5, 174.0, 110.5, 180.6, 176.2, 144.0, 156.8,
  174.4, 184.8, 162.6, 121.0, 0.0, 191.3, 66.2, 60.6, 76.2, 112.3, 176.0,
  110.1, 68.2, 133.5, 136.3, 178.7, 32.3, 37.7, 150.1],
 [188.7, 179.2, 139.8, 82.3, 105.6, 59.3, 71.8, 47.2, 115.7, 20.7, 45.3,
  105.1, 79.2, 38.0, 136.1, 152.0, 123.6, 43.6, 147.4, 78.1, 189.1, 160.2,
  148.9, 127.4, 32.8, 58.6, 123.8, 18.1, 117.4, 177.7, 61.2, 193.7, 133.6,
  81.6, 117.5, 28.8, 15.0, 130.7, 26.8, 99.6, 169.9, 63.2, 62.7, 170.0,
  107.4, 136.7, 129.4, 77.4, 80.5, 117.9, 0.0, 199.8, 71.3, 164.2, 47.5,
  43.8, 47.4, 27.2, 159.5, 10.8, 46.4, 119.6, 198.2, 166.7],
 [39.7, 121.2, 74.7, 18.8, 94.1, 76.5, 83.1, 116.1, 151.1, 58.1, 108.5,
  44.7, 123.7, 42.7, 156.8, 87.6, 167.8, 54.6, 52.8, 79.9, 66.1, 171.8,
  34.8, 173.7, 69.3, 154.5, 88.6, 188.9, 32.1, 89.3, 115.9, 179.3, 194.0,
  193.1, 42.1, 179.9, 76.2, 62.5, 55.3, 130.2, 129.0, 96.1, 74.1, 107.1,
  76.8, 131.2, 99.8, 11.9, 87.8, 17.3, 143.9, 0.0, 36.1, 94.8, 36.5,
  117.0, 116.6, 61.9, 77.6, 169.1, 176.7, 15.2, 23.9, 180.5],
 [117.3, 67.6, 177.2, 24.0, 184.6, 166.1, 94.1, 85.6, 117.0, 177.8, 85.9,
  50.5, 75.2, 145.0, 165.4, 118.8, 15.8, 60.3, 162.5, 129.4, 181.5, 150.2,
  126.4, 131.8, 90.9, 185.4, 131.3, 195.5, 29.3, 114.4, 102.7, 14.5, 76.5,
  195.7, 104.8, 129.7, 183.9, 90.1, 150.2, 94.9, 137.3, 18.0, 155.8,
  102.2, 155.8, 196.0, 162.9, 145.5, 13.2, 131.6, 158.9, 101.1, 0.0,
  135.0, 187.5, 164.2, 29.5, 42.8, 110.7, 109.0, 46.1, 28.7, 116.0, 156.7],
 [22.2, 189.6, 35.9, 127.5, 66.9, 81.6, 191.2, 80.5, 96.3, 171.3, 111.0,
  71.3, 21.8, 28.3, 74.0, 164.8, 99.8, 61.5, 102.8, 178.9, 134.2, 114.3,
  190.7, 182.2, 99.1, 10.2, 60.9, 165.2, 168.8, 27.6, 131.1, 106.4, 133.8,
  176.3, 25.2, 86.4, 196.2, 70.0, 34.8, 159.0, 74.6, 149.6, 155.2, 194.8,
  150.1, 126.4, 151.4, 44.4, 108.2, 91.9, 85.2, 120.0, 75.7, 0.0, 177.3,
  44.0, 58.9, 72.9, 55.3, 118.8, 21.1, 57.3, 116.5, 40.7],
 [31.2, 77.5, 75.0, 12.8, 110.7, 30.4, 146.7, 117.4, 15.4, 69.6, 87.5,
  91.3, 53.6, 73.3, 35.7, 114.5, 133.1, 152.3, 182.9, 104.5, 41.8, 146.7,
  78.9, 176.3, 146.2, 72.1, 10.8, 170.9, 150.3, 100.6, 192.5, 171.1,
  186.1, 86.0, 144.2, 77.1, 34.2, 162.6, 157.5, 98.5, 19.5, 88.9, 145.8,
  190.5, 65.7, 38.5, 150.9, 126.7, 71.3, 58.1, 76.2, 46.3, 76.2, 93.2,
  0.0, 177.5, 36.8, 129.4, 130.8, 191.2, 23.4, 140.0, 39.8, 15.8],
 [92.9, 183.1, 52.8, 71.0, 155.2, 101.9, 38.3, 120.1, 156.2, 27.4, 110.2,
  47.0, 15.9, 38.2, 175.3, 181.7, 114.5, 139.8, 91.1, 115.7, 186.5, 152.5,
  47.1, 190.4, 19.8, 107.7, 78.2, 90.8, 83.1, 168.2, 140.7, 59.6, 130.1,
  120.4, 56.7, 106.3, 49.8, 182.6, 157.7, 62.9, 129.8, 183.8, 83.3, 70.3,
  141.6, 10.5, 41.7, 20.4, 48.7, 75.9, 158.7, 120.5, 92.6, 48.9, 139.5,
  0.0, 173.0, 27.4, 154.7, 193.6, 137.7, 188.8, 47.3, 129.6],
 [172.9, 35.8, 11.8, 109.8, 11.4, 120.5, 27.8, 111.8, 198.7, 13.2, 154.6,
  125.6, 96.0, 23.7, 186.1, 12.7, 72.9, 143.9, 156.4, 116.8, 135.6, 52.4,
  119.4, 151.4, 79.1, 61.4, 31.3, 179.5, 149.8, 133.0, 70.2, 124.9, 151.3,
  49.2, 108.1, 60.1, 191.7, 94.7, 127.6, 109.1, 110.9, 15.8, 171.1, 40.9,
  136.7, 27.0, 79.9, 190.2, 57.5, 170.9, 69.5, 28.4, 64.2, 85.9, 84.8,
  162.2, 0.0, 14.4, 148.4, 149.7, 190.6, 83.3, 40.0, 136.9],
 [179.9, 61.3, 46.5, 52.4, 162.5, 151.5, 137.0, 191.3, 134.5, 55.1, 148.6,
  49.0, 185.2, 120.3, 173.6, 153.5, 143.6, 153.9, 15.4, 95.2, 137.0,
  188.3, 51.6, 29.9, 160.8, 108.8, 25.3, 97.6, 158.3, 56.4, 47.9, 99.7,
  93.8, 81.8, 107.9, 40.2, 113.2, 70.2, 88.0, 59.9, 87.5, 156.5, 17.9,
  98.4, 178.5, 131.9, 69.7, 110.1, 155.8, 158.5, 40.3, 74.8, 144.9, 11.1,
  175.6, 45.5, 173.6, 0.0, 174.9, 32.8, 48.9, 40.0, 31.3, 168.3],
 [172.7, 126.7, 23.6, 19.0, 82.1, 69.7, 102.4, 119.2, 124.8, 30.3, 195.8,
  12.4, 93.2, 113.0, 55.7, 77.4, 22.4, 60.2, 15.2, 166.0, 182.1, 173.4,
  52.3, 180.6, 12.0, 74.0, 132.6, 133.3, 21.1, 60.1, 25.3, 74.3, 115.5,
  170.6, 95.6, 17.3, 21.3, 199.1, 46.4, 124.9, 17.5, 174.1, 29.8, 176.4,
  179.4, 84.8, 90.9, 166.1, 151.1, 181.5, 187.9, 19.5, 65.7, 142.8, 27.3,
  161.7, 162.1, 70.4, 0.0, 105.0, 48.1, 178.9, 84.0, 17.7],
 [132.1, 15.9, 128.5, 27.6, 105.4, 139.6, 98.7, 114.1, 92.2, 194.2, 136.5,
  112.0, 90.4, 69.6, 62.2, 49.4, 166.2, 116.1, 168.4, 157.9, 126.7, 160.6,
  99.0, 77.1, 44.7, 175.7, 114.9, 34.8, 118.0, 13.5, 18.7, 191.7, 189.7,
  34.3, 88.8, 87.6, 193.8, 127.4, 199.2, 56.8, 85.9, 53.4, 101.5, 20.9,
  74.7, 88.2, 197.6, 31.0, 17.8, 17.8, 192.5, 62.2, 196.1, 179.1, 180.4,
  43.8, 60.2, 43.4, 103.1, 0.0, 14.3, 142.1, 178.5, 56.6],
 [45.2, 39.7, 117.3, 16.7, 50.5, 33.2, 25.8, 177.2, 26.7, 12.5, 35.6,
  45.0, 19.3, 22.3, 43.7, 109.4, 146.2, 182.1, 158.4, 185.3, 174.9, 100.5,
  126.7, 12.1, 86.4, 51.6, 10.5, 116.2, 112.3, 42.5, 41.7, 42.4, 12.5,
  84.8, 23.4, 27.6, 185.7, 185.7, 45.0, 20.7, 58.6, 193.6, 20.7, 94.8,
  37.7, 113.6, 105.0, 92.6, 36.8, 161.5, 79.1, 118.8, 171.1, 154.7, 36.1,
  170.0, 179.8, 42.4, 68.1, 177.7, 0.0, 57.6, 117.9, 142.1],
 [23.8, 11.2, 47.6, 33.8, 18.0, 47.2, 34.4, 13.8, 21.2, 22.1, 34.7, 120.5,
  33.7, 12.1, 15.1, 131.8, 18.9, 104.1, 139.0, 40.7, 28.9, 44.2, 59.9,
  143.2, 196.3, 32.5, 128.4, 160.5, 187.3, 134.7, 17.5, 46.9, 181.2, 28.5,
  13.2, 37.8, 48.8, 33.5, 43.3, 15.6, 60.1, 114.4, 151.3, 104.1, 45.1,
  114.4, 179.4, 43.8, 31.7, 42.5, 33.6, 140.9, 57.6, 38.1, 44.8, 112.7,
  23.9, 127.4, 11.2, 32.1, 181.7, 0.0, 140.9, 44.1],
 [11.6, 48.0, 42.7, 48.4, 13.4, 151.1, 27.8, 112.0, 12.5, 24.7, 28.0,
  27.5, 15.5, 19.6, 39.1, 193.3, 27.4, 193.7, 143.6, 28.5, 150.6, 188.8,
  188.8, 183.1, 175.7, 41.7, 188.8, 193.7, 28.6, 133.2, 198.2, 117.4,
  147.4, 89.8, 143.9, 143.9, 110.1, 134.3, 22.9, 15.2, 101.1, 180.6, 14.7,
  108.8, 181.7, 178.3, 169.8, 161.7, 66.6, 18.8, 24.3, 177.5, 160.2,
  191.0, 117.6, 151.1, 17.3, 59.6, 191.0, 37.5, 14.0, 71.3, 0.0, 44.9],
 [47.1, 40.5, 87.5, 49.3, 11.4, 23.7, 39.1, 44.0, 22.9, 46.1, 16.5, 42.7,
  173.6, 31.4, 34.3, 39.0, 17.3, 42.4, 15.2, 77.4, 44.0, 78.1, 17.8,
  197.1, 166.2, 150.1, 60.2, 164.2, 14.8, 15.0, 190.9, 133.2, 153.9, 94.7,
  42.5, 61.5, 42.0, 11.3, 102.2, 128.1, 48.9, 130.2, 31.5, 169.9, 150.1,
  161.7, 186.8, 157.6, 149.8, 104.5, 168.0, 18.6, 15.1, 137.3, 104.1,
  153.0, 126.0, 177.7, 149.6, 34.9, 22.2, 36.8, 26.1, 0.0]]
